0                         921.8741966934684
6.0493860218328865E-5     921.9133978982599
2.298716319358851E-4      922.0133241989994
2.8635364799347446E-4     922.0488511947353
6.100151247681665E-4      922.2609723350178
7.361003778240949E-4      922.3510863400294
0.001115274929451432      922.6494772092005
0.0012701319163716945     922.7872414898441
0.0014447526966303095     922.9429380867173
0.0016193734768889523     923.0887593620961
0.0017280996269984777     923.1845297751242
0.001827536473404931      923.278271884703
0.0019671343654645637     923.4113104571979
0.0022434206221289762     923.68368109798
0.0022497422185807706     923.6917873327137
0.0022613904484754394     923.702789609815
0.0024859540633477978     923.9448519228235
0.0026940130410123622     924.1712227576114
0.0028131036163497533     924.3035457784176
0.002857263713992843      924.3508171634459
0.002866153465129022      924.3606803959505
0.0028719627788951554     924.3670734172596
0.0033678320535952475     924.9491458031777
0.003569431695706407      925.2050682117074
0.0035779806682396387     925.2160177827144
0.0038463552080556657     925.5778109847362
0.00400831466103517       925.7978603536591
0.004012859558402589      925.804121499433
0.004255255048362938      926.1330438483548
0.0044516549037185785     926.4068648015298
0.0046935333395254145     926.7639701449237
0.0048335183904348045     926.9741903561745
0.004955825005761444      927.1634827080253
0.004972664281279751      927.1893872753087
0.005191660267754528      927.5299845255543
0.005282129865587543      927.6737112962022
0.0052938528715462604     927.6922000431407
0.005597028779774818      928.1703337935078
0.0057434477207502915     928.4111385266835
0.005949181315805907      928.7435606943985
0.006184303078193953      929.1528985544079
0.006237935180130397      929.2469329416792
0.006289121251263567      929.3356746627467
0.006549282367926151      929.7956170122278
0.0066311486767291        929.943110172194
0.006653084502344128      929.9817667126574
0.006828791356918454      930.2873643451405
0.006881353060672231      930.3806698612987
0.007252645419091069      931.0512990501306
0.0072692017369816175     931.0821060184758
0.00728197851453756       931.1035537321418
0.007332871968342605      931.1982037506525
0.007594701134134851      931.6806575744117
0.007762094464374536      931.9958633930669
0.007770426206409109      932.0111204525497
0.008069900441553035      932.5582979583228
0.00840479306471388       933.1751864704945
0.008724424997324655      933.7827609978807
0.008789649688840967      933.9084844996839
0.009025993978752311      934.3668373714758
0.00944609809003976       935.1449913495868
0.0095424076762144        935.3225910007264
0.009700095557195733      935.6049477984285
0.009763552666398556      935.7223218484309
0.00990671649670849       935.988844352919
0.0100253610726325        936.199411295771
0.010148813460371046      936.4294232746254
0.010343219008125702      936.7934781640312
0.010349762079866723      936.8053396884246
0.010556002779121332      937.1801969247357
0.010822746128599167      937.643863292006
0.010836503116843976      937.6676321717027
0.011075389792248133      938.0758384759947
0.011342414024454961      938.5419872626497
0.011469240022175295      938.7585152304374
0.01167436105055316       939.1085785612138
0.0116971444437892        939.1468315185591
0.011884986025773286      939.4530503524053
0.012120485383030184      939.832544790402
0.012167546501681469      939.9078920270131
0.012358686092212898      940.2118021185233
0.012423824659408167      940.305130100675
0.012524822829349837      940.4642279339406
0.012822567136973113      940.9209478380085
0.012917246193260228      941.0651356119869
0.01321290077998527       941.4871077324967
0.013256394118494844      941.5484119491375
0.013478454305447606      941.8452223149923
0.013491363968465203      941.8630813906024
0.013503692762027411      941.8791224109194
0.013742192474909348      942.1999994671202
0.013862701672164114      942.3570369236298
0.01400799753935316       942.5461765119323
0.014442750127766725      943.0860990082804
0.014467176779978108      943.1146051879207
0.014492385513025965      943.1433378647764
0.014495367718805496      943.1466211233013
0.014762636137956905      943.4421965151281
0.014879218408165529      943.5674154023062
0.01518529610501504       943.898986332126
0.015210906692141854      943.9258450921739
0.015229554912611132      943.9459377188537
0.015253235872450449      943.971279671127
0.015515836115879464      944.2439570151482
0.015678924767922826      944.3953532506084
0.01569399945644457       944.4079578391373
0.01584118153502527       944.5319182549708
0.015920402470244018      944.6001878958772
0.016048838324347336      944.7131179190696
0.01611506169483471       944.7749061625777
0.016126002060007104      944.785126502029
0.01620264415498509       944.8452936734254
0.016304241228991906      944.9272940455547
0.01631828356994331       944.9379433846439
0.016472132232341355      945.0583135312901
0.01666144701149501       945.1992568907516
0.01673168877895967       945.2511708405206
0.01689690894157332       945.3698203162586
0.01711905071280105       945.5173290167031
0.01737651542013207       945.6752676063772
0.017393132818151608      945.6859517120765
0.017413565562247407      945.6991536446561
0.01754399405090625       945.7742680180726
0.017601717722412744      945.8046971569548
0.017676428782448267      945.8434961692415
0.018058638147945297      946.0195554650105
0.018219796682804157      946.0994277862335
0.018469967965404573      946.2006562716696
0.018525899595263254      946.2221705227923
0.018693005971734823      946.2816088331056
0.019083541871825344      946.3990266744635
0.01910082179152245       946.4039560322499
0.01914333744816387       946.4159333896254
0.019281299428380624      946.4472541697004
0.019300209389417247      946.4502714286687
0.019356401261624412      946.4592387915814
0.019697943862152123      946.4984345705608
0.019844316819730812      946.5265012726283
0.02003203253664404       946.551441564323
0.020069553635626805      946.5573877546311
0.020180888478504         946.5633324753743
0.020261615063488926      946.5529563033726
0.020282720897520964      946.5515599838304
0.020514886095268747      946.5576742869532
0.02057948576088381       946.5570340982312
0.020606328220359224      946.5560576405984
0.02061436162501551       946.5558406053301
0.02083156305070904       946.543330778049
0.020862388199710452      946.5395176960743
0.02097009763611815       946.5262486031608
0.02117677369634298       946.4917058009912
0.021419758972308703      946.4484170999187
0.02165915598279016       946.3958787738671
0.021767259182944268      946.3675846335433
0.021964270109917278      946.3049266002964
0.02216543971449588       946.243288081615
0.022339693021114354      946.1769914409206
0.022610199427014643      946.0618174161996
0.02267896726688684       946.0296805235474
0.0227044071349142        946.0187638760955
0.022831256526321467      945.9599326604142
0.022947731575150468      945.9016222072948
0.023166995970031343      945.780266476481
0.023437679275359877      945.6300367394227
0.023689566453842806      945.4780032780567
0.023749839086930763      945.4357608689131
0.02378945204875902       945.4108597073292
0.024008699024814888      945.2409937120751
0.024234273074463297      945.0685560859754
0.024307819307631394      945.0132261831568
0.024332657585684446      944.9943031570895
0.024592145518771605      944.7821790082373
0.02474028106604472       944.6508427834249
0.02478727173073471       944.6083386497786
0.024891202927291363      944.5176226238783
0.024967148466481834      944.4440507145407
0.025033521145622725      944.3835593097431
0.025169277005601037      944.2573970126698
0.025387408052503446      944.0458867457291
0.025556621451036418      943.8707135421199
0.02570777699774965       943.7078065339499
0.025742564853431738      943.6715819908885
0.025800354709387838      943.6115935778823
0.025981553353776617      943.407461205809
0.02606736254420583       943.304606174653
0.026118145581178656      943.2438256451134
0.026293482209527326      943.0299413127052
0.02653731808330824       942.7397254495381
0.026566503525941088      942.7040168968449
0.026622983621300583      942.6345277097498
0.026925877672107947      942.2450427869101
0.026950817540585773      942.2123646481757
0.02699497336351661       942.1541372272451
0.02726748329386884       941.7831029837519
0.027483141116991752      941.482454059167
0.027603057372942982      941.3113661110535
0.02774055145205645       941.1106258576649
0.02779070774831366       941.0360113705013
0.02781776945103312       940.9953036957119
0.027919193701269954      940.8461810826243
0.02801706751494544       940.6990336447955
0.028056203804044333      940.6391285938433
0.02807060906333457       940.6179216015031
0.028096030119058618      940.5807498752768
0.02835210843657092       940.1830393449889
0.02837274761124134       940.1496325794001
0.02841184476208826       940.0865532001453
0.028635168234070495      939.7282889750935
0.028799914192576645      939.4631654647038
0.028813896278059702      939.4407791099271
0.028842664950063296      939.3950300516717
0.029102617647249023      938.9651484388309
0.029119077306147836      938.9355962629287
0.029152953268941077      938.8753722236548
0.029539007949319643      938.2248526153688
0.02955417498314158       938.2005838369939
0.02956214056918379       938.1872418317265
0.029646873270920363      938.0440777313199
0.029732159977878918      937.9009201032231
0.02988482961825307       937.623791995313
0.029909198783460288      937.5792839884404
0.029922129961534313      937.5573428315734
0.029948423742559897      937.5076997461383
0.03022243752833786       937.0124348443508
0.03024413909945468       936.9762214445143
0.030320234384231013      936.8520147057064
0.030393904709642344      936.7185311321304
0.03045392327439105       936.6082059857556
0.03071983118986786       936.1208083499452
0.03082192736519101       935.9328893065515
0.03087200680747328       935.8417456510131
0.031149354347967815      935.3295125822146
0.03125245452596047       935.1367127916309
0.03138291844224862       934.8923263075942
0.03146008078410321       934.7504610720721
0.03150328034323897       934.6707590584674
0.03158531308160771       934.5166283234585
0.03166714993917483       934.3626537503973
0.03180517280143433       934.1075606243164
0.03196108196670888       933.819253776327
0.032276615362513805      933.2342901515025
0.03237103828002286       933.0571141151073
0.032460603564834725      932.8991585615862
0.0325130306938126        932.8013763933711
0.03282650129072117       932.220513936207
0.03285510694251713       932.1677587351378
0.03309437546565763       931.7242059908766
0.033117458882782606      931.6816110517274
0.03328003146266378       931.3815081658959
0.03346164896794594       931.0510240873726
0.03364866324961446       930.7146351896282
0.033701303419858004      930.6199478977908
0.03382362706577385       930.3960729280609
0.03391609289527775       930.2310568627685
0.034178030093627076      929.764489074704
0.03433589057731421       929.4843361055013
0.034490999112626236      929.2115606031036
0.03478389108381378       928.7103063784182
0.03485542653540418       928.589773927034
0.03487351974231647       928.5592443545498
0.03488260064147647       928.545071217375
0.03494855671826279       928.4323640552162
0.0349694866515423        928.3955290115813
0.035065183065933835      928.2314382121749
0.03546507703681112       927.5588746587869
0.03570661223800405       927.1601951987038
0.03586813273448953       926.8970532870293
0.0359884845243731        926.702940676377
0.03604169726570884       926.6155190600145
0.03617871530174015       926.3988388450454
0.036249146793022234      926.2873480370845
0.036500192756193844      925.8951791690396
0.036732795638785024      925.5357114534036
0.03675252659132512       925.5029982436988
0.036781601536937894      925.4554361933402
0.036869716530892306      925.3187199541569
0.0369113613368261        925.254392569412
0.03722385834773566       924.7733365959514
0.03750808067348455       924.3499012505332
0.03779316316974689       923.939743077554
0.037859844700621446      923.8450570232001
0.03804612591761441       923.5762782783179
0.038139803443521685      923.4409563930268
0.03818753670956255       923.3701520422978
0.03822595199024681       923.3160094350668
0.03849745681608022       922.9306707805446
0.03851594081522496       922.9056837937923
0.03858256503057084       922.8181937145098
0.03861201617110223       922.7776108400772
0.03872656810937575       922.6202310054674
0.03876908953269735       922.5616491661558
0.03902601387517276       922.2049721033188
0.039060376330668785      922.1585517510979
0.03906993637150215       922.1456454113126
0.03912388227692072       922.0705060850188
0.039150727478841324      922.0332197223919
0.03941390940007336       921.6757815403445
0.039513568321002786      921.5474261572192
0.03956295306954949       921.4804726640017
0.03962958583818143       921.3837387594688
0.03979128094246866       921.1678035582677
0.03986105758861205       921.0747563322369
0.039960365902681115      920.9394277108211
0.04040369279568453       920.3482527406873
0.040424107899970085      920.3209409106339
0.04044567629426615       920.2923490133986
0.04063357506031387       920.0463269367575
0.040784566147627634      919.8491816123606
0.04097963057125985       919.5880264846777
0.041082990272537034      919.4502147938708
0.04120667317677064       919.2903334848421
0.04134053459303036       919.1160801058303
0.04141270724691998       919.0215695981296
0.04151353539206821       918.8954300489486
0.04169757410142504       918.6546266165357
0.04176083474867446       918.571440372887
0.04201342034968886       918.2400224559233
0.042110853321111225      918.1065708183481
0.04247361742040794       917.6253654461973
0.04251501050492931       917.5708883341066
0.04252646306455774       917.5558213105041
0.04260393120785411       917.4513928657194
0.042612097770666206      917.4395790019306
0.04265156342448744       917.3828994369479
0.042858167298522966      917.0926244223854
0.0431135577013761        916.7511409426374
0.043267351647048716      916.5412974189902
0.04333549173274885       916.4484020408663
0.043422209912802864      916.326955643762
0.04345350242967879       916.2789925876835
0.043468434630412243      916.2565076669687
0.0435271488817488        916.1764829382461
0.04355489518666071       916.1386197720817
0.04373657183618656       915.8838562742633
0.04402018374141926       915.4796458826789
0.04426978767060106       915.1086756529204
0.04436757420763839       914.96591611947
0.04439180044246434       914.930408753087
0.04462213863724889       914.5926808225892
0.04465229625389315       914.5475509721483
0.04476374948013139       914.3818243039084
0.044827695687221385      914.281282255331
0.044842234531027175      914.2584190265729
0.04493370567083357       914.1141324244876
0.04507102965860323       913.9072208374322
0.04517110120771753       913.7549500329584
0.04520445973000193       913.7034289869373
0.04557252401207837       913.1176392559498
0.04569758913732466       912.9210328825894
0.0458576548287734        912.661824386178
0.04591659817128297       912.5650989031502
0.04593795315419782       912.5323117543307
0.04597975686327123       912.4684292363843
0.04624087462463592       912.035449896586
0.04627318443035308       911.9788562460221
0.046335119357254026      911.8710344168591
0.04656925187246157       911.4705061379381
0.04672689384231259       911.2023832830405
0.04676734165267084       911.133024521079
0.04696982514602945       910.7812405997029
0.04719666356124168       910.3824297397671
0.047271669748857575      910.2498657002308
0.04738624859356174       910.0438167716649
0.04764425483135451       909.5775456613956
0.04783590458095624       909.2361851388704
0.04803349943496231       908.8717993197088
0.04813611555358426       908.667405677773
0.048207034103501974      908.5424897560516
0.04837312957004125       908.2292112936776
0.04843253678347236       908.1164717303609
0.04859707636468277       907.8025860125156
0.04904231850125291       906.9531866694708
0.04905756992761741       906.9237352137883
0.04913884923013991       906.7669656036694
0.049162855839924184      906.7205812063619
0.04928972850932854       906.4744868839289
0.049323278704930834      906.408757147841
0.049718452158314774      905.6341388869218
0.049985263206847694      905.1098677153603
0.05009436158486622       904.8986821145164
0.050138310404046066      904.8135169221421
0.050282602138422054      904.5322689812056
0.05034699992796075       904.4066436163473
0.05037818120158334       904.345701477823
0.05039295929409925       904.3164011657158
0.05070775191537655       903.6962811177702
0.05073447243673554       903.6455218304878
0.05077056340056658       903.5749965252036
0.05098957768726495       903.1465616069283
0.051111051573863656      902.9048185128507
0.051261145913513426      902.6257389956236
0.0512911283711828        902.5717453829374
0.05143959647286221       902.2885454274339
0.05154516300082004       902.0796648091351
0.05163325034504407       901.9054484073223
0.05174424981615772       901.6860179007857
0.051766177191182594      901.6434034558832
0.051814176907137244      901.5544253171752
0.05197937468756267       901.2482850091181
0.052073590362857566      901.081157759129
0.052145548482111524      900.9516860217177
0.052189295817767455      900.8683965737202
0.05225853661563888       900.7339492026849
0.052401985385143346      900.4638995607585
0.05281516416514236       899.7312897397994
0.05286277711237193       899.6488611569129
0.052930078931520484      899.5294683374669
0.05296506073808236       899.4649557248591
0.053244259060286035      898.9668126246312
0.05340744092923126       898.6908402739276
0.05363521361665174       898.3066167944545
0.053823907865496415      897.9989679846834
0.05389937123593386       897.8769752501829
0.054171721632158         897.4481967495609
0.0543932681673881        897.1092702978177
0.05453971825651249       896.8856589140705
0.05461256386084956       896.7771996342809
0.05492895205959016       896.3398853376584
0.054945955816441294      896.3171474917515
0.05495293174630422       896.3080849039092
0.05501983740180629       896.2198860356689
0.05512993031963405       896.077303618608
0.055267502093178884      895.8889427779167
0.05530396194704951       895.8401436514499
0.055320655503077014      895.8184996672808
0.05540983793801251       895.7040205632104
0.055748699898064344      895.2791791507173
0.05583667427677845       895.1855490999787
0.05605293308596331       894.9390611884837
0.056134974417774104      894.8394169208024
0.05625549604789322       894.7088433389857
0.05637378573847003       894.5829862095238
0.056680922368626235      894.2840120571377
0.056778147902479564      894.189867830736
0.05688965650722639       894.0877092222755
0.05698105254444617       894.0074510253057
0.05702847137622242       893.9734719247775
0.05709632181927822       893.9143382739795
0.057297013366491734      893.7664564731649
0.05733041391343044       893.7454511592464
0.05741585203291077       893.6803813030426
0.057460544507895464      893.6428075270984
0.057703619315607524      893.4627801497
0.05797248437652735       893.2973117166295
0.05802029459934881       893.2715856252578
0.058159241235868527      893.2054479595462
0.05821905627215936       893.1734353460873
0.05843962812375065       893.0534669527608
0.05849887348035655       893.0254429528736
0.05871016242944552       892.9391215381308
0.05890671851472257       892.8711460224381
0.05905135048282449       892.8261040965419
0.05912775254813941       892.8048679238551
0.05929783163292622       892.7636878830825
0.05947163530132829       892.7327050896239
0.059560911691514604      892.7190186599502
0.059878035670585375      892.6928249721034
0.059935332438410684      892.6889827425161
0.06018238092750941       892.6936739548969
0.06032106435153025       892.7023472580604
0.0604575167189073        892.7145257297001
0.06063085372324814       892.7364407120017
0.06065430035456812       892.7407116542208
0.060974182041360146      892.8221242783708
0.06105096855700817       892.8428268956133
0.06118072339347801       892.8733017998815
0.06126596858628941       892.8980932939787
0.061569182921577835      893.0054312627893
0.06173954200447053       893.0908862546252
0.06183772702525719       893.1433179944156
0.061911515051898576      893.1877191464633
0.06209089842289872       893.2884104856462
0.06235901190570226       893.4437594737595
0.062433876884495615      893.4924119946537
0.062463199457950265      893.512522777759
0.06257764699191837       893.5917212889678
0.06270326885716235       893.6826436271247
0.0627832903484905        893.7433083108419
0.06282056329052611       893.7728698304967
0.06301149834374828       893.92673806108
0.06308523397311258       893.9905851569183
0.06311362781526697       894.0153724058921
0.06319976581797          894.0932817129982
0.06329885089279276       894.1765519478682
0.0634638252623364        894.3340467891159
0.06363120019103384       894.4943259781485
0.06378181459699854       894.648472683631
0.06407407924763367       894.9653159345116
0.06409411175258165       894.9880100805922
0.06412464759413287       895.024025104528
0.06422785679669306       895.1413869589846
0.06425943903156237       895.1762868077043
0.06429602715622126       895.219123875976
0.06455797268587105       895.532386803194
0.06480944888175043       895.8537883914919
0.06486121821420321       895.9175101112215
0.06499922439788046       896.1032088240113
0.06521541177471972       896.4035917521112
0.06521890513976497       896.4085255456156
0.06535922166563612       896.6067084412085
0.06548247252971667       896.7846919839853
0.06550923570122982       896.8245954676174
0.06557406721784954       896.9224598763517
0.06565512377024385       897.0425963869435
0.06576907506292137       897.2109578554445
0.0658095957409809        897.2718527528336
0.06608802694230159       897.706585814764
0.06628621463555885       898.0272884458607
0.06643228033384846       898.2669886992182
0.06661190322172163       898.5728800265946
0.06662811440396675       898.600886805136
0.06685111540572579       898.9859797028262
0.06705411870551649       899.3366345044369
0.06706943595117087       899.3629647922254
0.06707648165189367       899.3764589816914
0.06718525508731678       899.5691641812056
0.0672030570179079        899.5995761002214
0.06748833711070536       900.1156716612726
0.06776193761949402       900.6192031312057
0.06786632441758213       900.8217512755317
0.06789056636784646       900.8673523793831
0.06797395485502361       901.0139284419174
0.06832504080035692       901.6834680926319
0.06836900541729897       901.7680579640694
0.06860885431085505       902.2289767481658
0.06867590154270546       902.3584867308517
0.06868843090668039       902.3818571280816
0.06874483652314975       902.4907591907041
0.06894745801592976       902.8820727027423
0.06919677050405444       903.3804046679326
0.06926081114185856       903.5122227439925
0.0692676305204259        903.5254216553052
0.06931345574752688       903.610929446316
0.0696356545479546        904.245760279768
0.06963579600116179       904.2460366870249
0.06963589910681695       904.2462381342187
0.06987832684294361       904.7174322137859
0.0699338892139699        904.8299216792135
0.06995589621185747       904.8747267757124
0.07009566151966178       905.1494298464535
0.0701676128992066        905.284911846946
0.07020966182838181       905.3647219151964
0.07048700879147059       905.9106400234498
0.07080865030506385       906.5377645454007
0.0708199379453054        906.5601867771963
0.0708608320928854        906.6396807407039
0.07094866642530506       906.8120174823823
0.07098385085799974       906.8792735199014
0.07133219284659761       907.5409766855666
0.07152912890200162       907.9168711523331
0.07163708005797384       908.1216615599462
0.07179755693803244       908.4239071039128
0.07187062896974653       908.562760755422
0.07194106430298976       908.6895583499795
0.07203479846274326       908.8623030870638
0.07213716154313485       909.051136262228
0.07241344292663338       909.5495107960303
0.07251462349999982       909.7247669384601
0.07256542606249293       909.812482447675
0.07282043617683114       910.275297957156
0.07284707731200671       910.3235935448787
0.07291053218337372       910.4390128173468
0.07306010947751701       910.7084450684606
0.07306610062835833       910.7178097075213
0.07315018524224277       910.850562826154
0.07323238054952397       910.989714730826
0.07324938805861034       911.018597586503
0.07329894858311999       911.1038944345665
0.07351436941922923       911.4703768902349
0.07361538900648522       911.637810264682
0.07377316390091455       911.9015563049585
0.07390045313981973       912.1137412501394
0.07396102215498294       912.2137774888241
0.07412291919057754       912.477103548188
0.07441120970946505       912.9365829529128
0.07443179691987475       912.9688124999709
0.07446479237678594       913.0221222807636
0.07460872711828728       913.250081909883
0.07465015020662498       913.31490301658
0.07470621204967938       913.3997363316643
0.07472053621085518       913.4219786348358
0.07504078007750643       913.9157369162975
0.07519148337446721       914.1430914465975
0.07541488929390035       914.487398004048
0.07546399064374905       914.5592793180388
0.07555349915826          914.6829302221753
0.07557377728397449       914.7114626199381
0.07585180095759762       915.1259898369232
0.07589805376618805       915.1940984081779
0.07593779262120766       915.2541531251513
0.07602913101690809       915.3933101009729
0.07607147327634532       915.4575002289329
0.07624611528734666       915.6977372531586
0.07626561128749075       915.7242048236669
0.07629045283793953       915.7583444541388
0.07635993971905736       915.8562278758026
0.07657546053175047       916.1588932939676
0.07675922303826224       916.4145711184019
0.07682271199185453       916.5044835515884
0.07704961755370798       916.824101409353
0.07704965041957135       916.8241461136873
0.07718829087401888       917.0137200027393
0.07718857453007792       917.0141071688896
0.07742360349939047       917.3311384337694
0.0777298225439405        917.7452086625018
0.07774089067775908       917.7591081886236
0.0778018790729204        917.8363198616075
0.07802460994058787       918.1267257516424
0.07811239859639618       918.2448426341145
0.07815552342350042       918.3027018678225
0.07835758623606937       918.5747776564917
0.07864879531191372       918.962608181773
0.0787139194952152        919.0500018361131
0.07877000908379603       919.125227730476
0.07894342028156637       919.3571276151365
0.07921552930785015       919.7143240398646
0.07942443647872986       919.9923704131431
0.07954296022307683       920.1494399635375
0.07958473171172525       920.2009197234127
0.07968778619022468       920.3418696260513
0.07978007679887432       920.4654081473061
0.07990462943609551       920.6326802646598
0.08010187166261694       920.8930680442965
0.08017275285234271       920.9869130774763
0.08031254065409371       921.1727383204162
0.08054825599576956       921.4831958291632
0.0807271960058754        921.7253723796498
0.08082582009605312       921.8579212869886
0.08097887120704486       922.070883167408
0.08113447877394761       922.2823229412079
0.08118621042721995       922.3525341836872
0.08144691966417336       922.7137851846132
0.08152499884070957       922.8218925330035
0.08165555935270029       923.0046264195162
0.08174268337022178       923.1286969453278
0.08186700700667436       923.3065031808676
0.08210028872425602       923.6434966061621
0.08225507075366634       923.8653436566734
0.08235636838655092       924.0048419838255
0.08238974979973532       924.0509728329599
0.08253806178337451       924.2657865675325
0.08292235040005293       924.8401641967753
0.08297608115188011       924.9209055850125
0.08305096001578728       925.0347464323607
0.0834151729887209        925.5914497059928
0.08343267726329683       925.619279559537
0.08350407492228917       925.7299257054038
0.0835096451597244        925.7385643701336
0.08353208148692658       925.7722747331032
0.08390808499692162       926.3511752421351
0.08410808511471082       926.6819741035276
0.08432903494186413       927.0544799546394
0.08435889356528978       927.1064610923619
0.08445369472854732       927.2615898785708
0.0845025016366082        927.3362071167692
0.08472974600884763       927.7003359638325
0.08490861705234579       928.0030006912192
0.08512474187948162       928.3706733501381
0.08516404042162173       928.4371433813097
0.08532590663630588       928.7131413499163
0.08558430103037314       929.1674230319093
0.0856388222627236        929.2687572589361
0.08568945859012501       929.3649496828715
0.08591884621392987       929.776499618376
0.0864351631755311        930.7043089215853
0.08644581296050413       930.7234665291691
0.0864489890804114        930.7291842622158
0.0864612533813557        930.752253458546
0.0864640376987113        930.7572980190101
0.08646705510021127       930.7627656196429
0.0864705006988615        930.7687786316046
0.0868361470551287        931.4392211840845
0.08684011207567303       931.446379623164
0.08692148984385606       931.5930296627354
0.08707724404748379       931.8748563480999
0.08730739150507845       932.3125490963934
0.08736783962497212       932.4281063534714
0.08736822540060764       932.4288573833348
0.08741804715493368       932.52251490041
0.08755212657536529       932.7748788717108
0.08755315200081094       932.7767355502115
0.08774882143982399       933.1535238079023
0.08795807434028682       933.5494775656916
0.08815947219346294       933.9203789501928
0.0881997459611853        933.9939974744844
0.0882093676607446        934.0117599401351
0.08852967777727638       934.6101578788355
0.08872407363718768       934.9765856514405
0.08896208105346928       935.4321703982611
0.08911131372641498       935.7107649674022
0.08922058987742303       935.9082780043977
0.08923569597336854       935.9356948219796
0.08945793093341053       936.3424789161243
0.0896537669587691        936.7003470008914
0.0897388575953402        936.8520960917543
0.08976660109069111       936.9013016614866
0.08997475830399232       937.2793097594715
0.09012659660998512       937.560441276219
0.09021574324064055       937.7170412798322
0.0902582676452756        937.7932676714645
0.09051073879106632       938.2209764273986
0.09062978237642796       938.4250908171113
0.09094734734261103       938.9730817122395
0.09097422001616437       939.0190215529268
0.09106746293656792       939.1760018302991
0.09127336061469929       939.5160166067229
0.0912977575347784        939.5552336099983
0.09161944112163722       940.072488694479
0.09165759687764861       940.1344263612357
0.09168958511259011       940.1865513851973
0.09190641850122454       940.524676555281
0.09193426358754661       940.565280274236
0.09196906377738319       940.6165969871954
0.09224669925848025       941.0334277716222
0.09239961810216844       941.2608607125154
0.09244618983553334       941.329121828191
0.09268572771618169       941.6731092446454
0.09278109521661576       941.8063302777667
0.09281462511300947       941.8527038828973
0.09307063845321083       942.2053215704431
0.09310908384618984       942.2567753817267
0.09330726688669976       942.5165947868586
0.0934078340001473        942.6457775146232
0.09345331936053358       942.7009158006907
0.09384871707950694       943.187212597653
0.09387314639355815       943.2187982786535
0.09407922840257409       943.4596814775484
0.09417936749611738       943.573445414897
0.09423621335824808       943.6348406218851
0.09449840066989022       943.9107225714233
0.09481545729019317       944.2404106206338
0.09535638090568394       944.7542187304867
0.09538818114373616       944.7821207815209
0.09540675060017939       944.7988136173652
0.0954127429525798        944.8038187532252
0.09544236331853054       944.8293717278369
0.09546534057203802       944.8490896738169
0.095470263689931         944.853342700086
0.09581052955983084       945.1382037927146
0.09581601768813038       945.1420448935362
0.09582440232406023       945.149045796142
0.09614721938704564       945.3853181805362
0.09630713536941225       945.5002696041868
0.0964617079943896        945.5974573802555
0.09663726722004073       945.7143151198156
0.09674277120217166       945.7756226996041
0.0968377221777466        945.8290400427771
0.09699863583742308       945.9197850074137
0.09722558347975532       946.034735797114
0.09756683142649837       946.1884198377528
0.09758584243895073       946.196975600701
0.0976783551754151        946.2386530797284
0.09788455837960353       946.3147808590771
0.0979081059202796        946.3220510132678
0.09798862175956657       946.3464221968451
0.0982782919193104        946.4300540932664
0.09850815820164333       946.4864391711976
0.09871581379418572       946.5291019638872
0.09877173342233263       946.5389837775317
0.09894996516970529       946.5622641975716
0.09908632664157108       946.5860000302522
0.09916640259042504       946.5931447869436
0.09940189751360823       946.603184858177
0.09941114413135757       946.6033984808557
0.09974341134210155       946.6105932872683
0.09979506615220007       946.6107536672675
0.09991714591964135       946.608051758979
0.10000597893031446       946.5941211318268
0.10016277732097673       946.5702137658192
0.10019854229231943       946.5646959715336
0.1004806139725642        946.5185541785778
0.10084408343678607       946.4427278962623
0.10089397033621234       946.4305714772578
0.10103545354209628       946.3919750366199
0.10114834712701495       946.3572173843698
0.10139729630369142       946.2758408594653
0.10140505738813538       946.2731825249102
0.10163712483959435       946.1843725678036
0.10164437372068458       946.1811536667316
0.10193672258573375       946.0516831028943
0.10217187755070364       945.9313459402476
0.10227304549245209       945.881141802712
0.10234303659441739       945.8422473869629
0.10242637736365386       945.7891011382927
0.1024407984763898        945.7800464990056
0.10276989805877532       945.5849106993996
0.10283382240240857       945.5448992547261
0.102894468868811         945.5064495075485
0.10316029090557703       945.3211074071085
0.10332522482152125       945.1885013199869
0.10347566902700864       945.0787164473417
0.10348330894368162       945.0727096097455
0.10348574996288011       945.0708664900585
0.10382965384408771       944.7922929116073
0.10395713715617157       944.6808968676248
0.10417998699255804       944.4799099981024
0.10419297335933178       944.4673956280221
0.10419819879936787       944.4624555325173
0.10424549102256883       944.4177405401625
0.10473346650314333       943.9321091794455
0.10473704333729039       943.9282292205792
0.10474048727693491       943.924534958552
0.10476848155157745       943.8949130137515
0.10480227648230694       943.8585107197619
0.10480820816134549       943.8522448985004
0.10512959032410787       943.4975493267513
0.10531427872962516       943.2920527733214
0.10551127993188195       943.0612160810178
0.10552059978005207       943.0501403045098
0.10552704709484914       943.0424599041805
0.10562240760870814       942.9282363354072
0.10571911318553676       942.8101216974944
0.10596525612712165       942.4971768993897
0.10610472882122901       942.3159560107111
0.10621456889132899       942.1649177039096
0.10622214884428421       942.1549907431101
0.10637816703371297       941.947328158676
0.10640165474116428       941.9147872879988
0.1066339795964294        941.5902628334304
0.10674767721998933       941.4338448857563
0.10698105091911915       941.1005029769201
0.10721866448794266       940.7324125516423
0.10731814129854172       940.5742296473736
0.10754075705759185       940.2169375289889
0.10776081120127536       939.8799089150288
0.1078556937572385        939.7262380180223
0.10810237904891205       939.3273252212394
0.10825618387371763       939.0725753807812
0.10830276523561098       938.9949958403859
0.10854488874641006       938.5771885071911
0.10864625688818459       938.400635579048
0.10889704616868179       937.9696042798444
0.10912871318495099       937.5573693416247
0.10922690012752354       937.383713046376
0.10946669509023368       936.9552302692756
0.1094730444480865        936.9437524810129
0.10959342861748644       936.7218762412108
0.1097165932955184        936.4915540488192
0.10972605629903417       936.4737624690558
0.11006325379220293       935.8463603270893
0.11028657017664224       935.4353658477748
0.11035064872921425       935.3126344144137
0.11060828784018686       934.8466605535033
0.11070619893091103       934.6643433104352
0.1109434217302816        934.227774827729
0.1110469294484418        934.029327349815
0.11124050181170239       933.6503963123546
0.11137667905114974       933.3994627810603
0.11148049774098968       933.2051747090296
0.11152180191474939       933.1299268165781
0.11185250290489947       932.5209451344334
0.11185320353648427       932.5196814023388
0.11185428030322508       932.5176872261779
0.11200335489926208       932.2463242847102
0.11217813272508308       931.9261914392193
0.11217934690856314       931.9239903424761
0.11238959763182174       931.5441087113508
0.11252543833184094       931.2960835106541
0.11309017490846357       930.2967252283513
0.11313186512569826       930.2245451043132
0.11317266316604048       930.1543123628843
0.11319462553942217       930.1164765522419
0.11321658791280392       930.077820247609
0.11326575002716398       929.991613884557
0.11389982475879985       928.9194078829014
0.11405401910003968       928.6667864229117
0.11419345144687047       928.4420294643251
0.11433940240186864       928.2215830746004
0.11439087499604764       928.1431041513886
0.11440851391011383       928.1163618397168
0.11477978516090302       927.5543966655873
0.1149480007985838        927.3008417068764
0.11505985456842753       927.1374586758499
0.11529745291549445       926.7892828086963
0.11534014976042213       926.7257944226385
0.1155702489310806        926.4028209230771
0.11575090826187753       926.172576219353
0.1158583984546918        926.0352388684282
0.11595547476041472       925.9110960230335
0.11605826704635815       925.7718774012255
0.11617688965056877       925.613549036428
0.11631184631673895       925.4559646948333
0.11657933285546844       925.1284033223814
0.11664117098737906       925.0544304816766
0.11678410386540988       924.8921584807575
0.11712994156419998       924.5086907311553
0.11722692080332463       924.405942975505
0.11727578282892755       924.3545062650142
0.11749554333613905       924.1228247700503
0.1177541133840895        923.8595630208682
0.11796036049316388       923.6681478080461
0.11807994051190077       923.551465569501
0.11820149277267526       923.4521995624606
0.11849622106105984       923.1981836550108
0.11867396461593421       923.054747240326
0.11875575195199711       922.9919820485017
0.11883753928806001       922.924723761419
0.1189353028937496        922.8453359374979
0.11909743690038312       922.7236926384797
0.11928315384269049       922.5913946871633
0.11950834765577457       922.4447312599211
0.11967470034616347       922.3375467811326
0.11976051415687346       922.2822260116177
0.11982483889656675       922.2427144576681
0.11993491151859148       922.1783199482501
0.11999590203077638       922.1386557615608
0.12                      922.1360194194665