[40, 3.15, 0.85]
[45, 3.17, 0.82]
[50, 3.2, 0.79]
[55, 3.2, 0.77]
[60, 3.23, 0.77]
[65, 3.26, 0.74]
[70, 3.27, 0.7]
[75, 3.3, 0.7]
[80, 3.31, 0.68]
[85, 3.33, 0.66]
[90, 3.35, 0.64]
[95, 3.37, 0.63]
[100, 3.39, 0.6]
[105, 3.4, 0.59]
[110, 3.42, 0.58]
[115, 3.44, 0.54]
[120, 3.45, 0.51]
[125, 3.49, 0.51]
[130, 3.52, 0.48]
[135, 3.55, 0.46]
[140, 3.58, 0.45]
[145, 3.6, 0.42]
[150, 3.63, 0.42]
[155, 3.66, 0.38]
[160, 3.69, 0.38]
[165, 3.71, 0.36]
[170, 3.75, 0.33]
[175, 3.78, 0.31]
[180, 3.81, 0.29]
[185, 3.84, 0.28]
[190, 3.86, 0.26]
[195, 3.88, 0.27]
[200, 3.92, 0.25]
[205, 3.95, 0.23]
[210, 3.98, 0.25]
[215, 4.01, 0.28]
[220, 4.05, 0.28]
[225, 4.08, 0.3]
[230, 4.13, 0.32]
[235, 4.15, 0.35]
[240, 4.17, 0.39]
[245, 4.19, 0.44]
[250, 4.23, 0.53]
[255, 4.27, 0.66]
[260, 4.3, 0.77]
