10,318.5, [34] 
11,1256.5, [49] 
12,1218.5, [76] 
13,1308.1060791015625, [95] 
14,1261.5, [114] 
15,1225.5, [138] 
16,1204.5, [163] 
17,1323.5, [184] 
18,1085.5, [200] 
19,1261.5, [227] 
20,1089.5, [248] 
21,1296.8529052734375, [270] 
22,1254.5, [295] 
23,1224.5, [299] 
24,1325.5, [282] 
25,1332.5, [202] 
26,1338.5, [202] 
27,1261.5, [167] 
28,1260.04541015625, [167] 
29,1262.0, [167] 
30,1261.5, [167] 
31,1261.5, [167] 
32,1261.5, [167] 
33,1261.5, [167] 
34,1261.5, [167] 
35,1261.5, [167] 
36,1261.5, [167] 
37,1263.0, [167] 
38,1261.5, [167] 
39,318.5, [34] 
40,318.5, [34] 
41,318.5, [34] 
42,318.5, [34] 
43,318.5, [34] 
44,318.5, [34] 
45,318.5, [34] 
46,318.5, [34] 
47,318.5, [34] 
48,318.5, [34] 
49,318.5, [34] 
50,318.5, [34] 
51,318.5, [34] 
52,318.5, [34] 
53,318.5, [34] 
54,318.5, [34] 
55,318.5, [34] 
56,318.5, [34] 
57,318.5, [34] 
58,318.5, [34] 
59,318.5, [34] 
60,318.5, [34] 
61,318.5, [34] 
62,318.5, [34] 
63,318.5, [34] 
64,318.5, [34] 
65,318.5, [34] 
66,318.5, [34] 
67,318.5, [34] 
68,318.5, [34] 
69,318.5, [34] 
70,318.5, [34] 
71,318.5, [34] 
72,318.5, [34] 
73,318.5, [34] 
74,318.5, [34] 
75,318.5, [34] 
76,318.5, [34] 
77,318.5, [34] 
78,318.5, [34] 
79,318.5, [34] 
80,318.5, [34] 
81,318.5, [34] 
82,318.5, [34] 
83,318.5, [34] 
84,318.5, [34] 
85,318.5, [34] 
86,318.5, [34] 
87,318.5, [34] 
88,318.5, [34] 
89,318.5, [34] 
90,318.5, [34] 
91,318.5, [34] 
92,318.5, [34] 
93,318.5, [34] 
94,318.5, [34] 
95,318.5, [34] 
96,318.5, [34] 
97,318.5, [34] 
98,318.5, [34] 
99,318.5, [34] 
100,318.5, [34] 
101,318.5, [34] 
102,318.5, [34] 
103,318.5, [34] 
104,318.5, [34] 
105,318.5, [34] 
106,318.5, [34] 
107,318.5, [34] 
108,318.5, [34] 
109,318.5, [34] 
110,318.5, [34] 
111,318.5, [34] 
112,318.5, [34] 
113,318.5, [34] 
114,318.5, [34] 
115,318.5, [34] 
116,318.5, [34] 
117,318.5, [34] 
118,318.5, [34] 
119,318.5, [34] 
120,318.5, [34] 
121,318.5, [34] 
122,318.5, [34] 
123,318.5, [34] 
124,318.5, [34] 
125,318.5, [34] 
126,318.5, [34] 
127,318.5, [34] 
128,318.5, [34] 
129,318.5, [34] 
130,318.5, [34] 
131,318.5, [34] 
132,318.5, [34] 
133,318.5, [34] 
134,318.5, [34] 
135,318.5, [34] 
136,318.5, [34] 
137,318.5, [34] 
138,318.5, [34] 
139,318.5, [34] 
140,318.5, [34] 
141,318.5, [34] 
142,318.5, [34] 
143,318.5, [34] 
144,318.5, [34] 
145,318.5, [34] 
146,318.5, [34] 
147,318.5, [34] 
148,318.5, [34] 
149,318.5, [34] 
150,318.5, [34] 
151,318.5, [34] 
152,318.5, [34] 
153,318.5, [34] 
154,318.5, [34] 
155,318.5, [34] 
156,318.5, [34] 
157,318.5, [34] 
158,318.5, [34] 
159,318.5, [34] 
160,318.5, [34] 
161,318.5, [34] 
162,318.5, [34] 
163,318.5, [34] 
164,318.5, [34] 
165,318.5, [34] 
166,318.5, [34] 
167,318.5, [34] 
168,318.5, [34] 
169,318.5, [34] 
170,318.5, [34] 
171,318.5, [34] 
172,318.5, [34] 
173,318.5, [34] 
174,318.5, [34] 
175,318.5, [34] 
176,318.5, [34] 
177,318.5, [34] 
178,318.5, [34] 
179,318.5, [34] 
180,318.5, [34] 
181,318.5, [34] 
182,318.5, [34] 
183,318.5, [34] 
184,318.5, [34] 
185,318.5, [34] 
186,318.5, [34] 
187,318.5, [34] 
188,318.5, [34] 
189,318.5, [34] 
190,318.5, [34] 
191,318.5, [34] 
192,318.5, [34] 
193,318.5, [34] 
194,318.5, [34] 
195,318.5, [34] 
196,318.5, [34] 
197,318.5, [34] 
198,318.5, [34] 
199,318.5, [34] 
200,318.5, [34] 
201,318.5, [34] 
202,318.5, [34] 
203,318.5, [34] 
204,318.5, [34] 
205,318.5, [34] 
206,318.5, [34] 
207,318.5, [34] 
208,318.5, [34] 
209,318.5, [34] 
210,318.5, [34] 
211,318.5, [34] 
212,318.5, [34] 
213,318.5, [34] 
214,318.5, [34] 
215,318.5, [34] 
216,318.5, [34] 
217,318.5, [34] 
218,318.5, [34] 
219,318.5, [34] 
220,318.5, [34] 
221,318.5, [34] 
222,318.5, [34] 
223,318.5, [34] 
224,318.5, [34] 
225,318.5, [34] 
226,318.5, [34] 
227,318.5, [34] 
228,318.5, [34] 
229,318.5, [34] 
230,318.5, [34] 
231,318.5, [34] 
232,318.5, [34] 
233,318.5, [34] 
234,318.5, [34] 
235,318.5, [34] 
236,318.5, [34] 
237,318.5, [34] 
238,318.5, [34] 
239,318.5, [34] 
240,318.5, [34] 
241,318.5, [34] 
242,318.5, [34] 
243,318.5, [34] 
244,318.5, [34] 
245,318.5, [34] 
246,318.5, [34] 
247,318.5, [34] 
248,318.5, [34] 
249,318.5, [34] 
250,318.5, [34] 
251,318.5, [34] 
252,318.5, [34] 
253,318.5, [34] 
254,318.5, [34] 
255,318.5, [34] 
256,318.5, [34] 
257,318.5, [34] 
258,318.5, [34] 
259,318.5, [34] 
260,318.5, [34] 
261,318.5, [34] 
262,318.5, [34] 
263,318.5, [34] 
264,318.5, [34] 
265,318.5, [34] 
266,318.5, [34] 
267,318.5, [34] 
268,318.5, [34] 
269,318.5, [34] 
270,318.5, [34] 
271,318.5, [34] 
272,318.5, [34] 
273,318.5, [34] 
274,318.5, [34] 
275,318.5, [34] 
276,318.5, [34] 
277,318.5, [34] 
278,318.5, [34] 
279,318.5, [34] 
280,318.5, [34] 
281,318.5, [34] 
282,318.5, [34] 
283,318.5, [34] 
284,318.5, [34] 
285,318.5, [34] 
286,318.5, [34] 
287,318.5, [34] 
288,318.5, [34] 
289,318.5, [34] 
290,318.5, [34] 
291,318.5, [34] 
292,318.5, [34] 
293,318.5, [34] 
294,318.5, [34] 
295,318.5, [34] 
296,318.5, [34] 
297,318.5, [34] 
298,318.5, [34] 
299,318.5, [34] 
300,318.5, [34] 
301,318.5, [34] 
302,318.5, [34] 
303,318.5, [34] 
304,318.5, [34] 
305,318.5, [34] 
306,318.5, [34] 
307,318.5, [34] 
308,318.5, [34] 
309,318.5, [34] 
310,318.5, [34] 
311,318.5, [34] 
312,318.5, [34] 
313,318.5, [34] 
314,318.5, [34] 
315,318.5, [34] 
316,318.5, [34] 
317,318.5, [34] 
318,318.5, [34] 
319,318.5, [34] 
320,318.5, [34] 
321,318.5, [34] 
322,318.5, [34] 
323,318.5, [34] 
324,318.5, [34] 
325,318.5, [34] 
326,318.5, [34] 
327,318.5, [34] 
328,318.5, [34] 
329,318.5, [34] 
330,318.5, [34] 
331,318.5, [34] 
332,318.5, [34] 
333,318.5, [34] 
334,318.5, [34] 
335,318.5, [34] 
336,318.5, [34] 
337,318.5, [34] 
338,318.5, [34] 
339,318.5, [34] 
340,318.5, [34] 
341,318.5, [34] 
342,318.5, [34] 
343,318.5, [34] 
344,318.5, [34] 
345,318.5, [34] 
346,318.5, [34] 
347,318.5, [34] 
348,318.5, [34] 
