0                         921.9046252871635
6.0493860218328865E-5     921.9442747203057
2.298716319358851E-4      922.045492118936
2.8635364799347446E-4     922.0814619028232
6.100151247681665E-4      922.2962382677886
7.361003778240949E-4      922.3874436804853
0.001115274929451432      922.689327260968
0.0012701319163716945     922.828614895961
0.0014447526966303095     922.9860964572413
0.0016193734768889523     923.1337815671585
0.0017280996269984777     923.2307535090661
0.001827536473404931      923.3256219792519
0.0019671343654645637     923.46028531572
0.0022434206221289762     923.7360388419805
0.0022497422185807706     923.7442251329678
0.0022613904484754394     923.7553753611109
0.0024859540633477978     924.0003750480611
0.0026940130410123622     924.2296080563929
0.0028131036163497533     924.3636356570207
0.002857263713992843      924.4115520377609
0.002866153465129022      924.4215459014198
0.0028719627788951554     924.4280242673399
0.0033678320535952475     925.0178471322015
0.003569431695706407      925.277190524759
0.0035779806682396387     925.2882888865174
0.0038463552080556657     925.6549138500875
0.00400831466103517       925.8780277167423
0.004012859558402589      925.8843766450224
0.004255255048362938      926.2181209936443
0.0044516549037185785     926.4960610440029
0.0046935333395254145     926.8585040893299
0.0048335183904348045     927.0719537485887
0.004955825005761444      927.2641622766653
0.004972664281279751      927.2904752649007
0.005191660267754528      927.6365253288071
0.005282129865587543      927.7825854795952
0.0052938528715462604     927.8013799993272
0.005597028779774818      928.2877347164714
0.0057434477207502915     928.5327253957838
0.005949181315805907      928.8712757046638
0.006184303078193953      929.2879918457463
0.006237935180130397      929.3837670255493
0.006289121251263567      929.4741917293503
0.006549282367926151      929.9429989750753
0.0066311486767291        930.0933930523288
0.006653084502344128      930.1328364037408
0.006828791356918454      930.4448924405987
0.006881353060672231      930.540184745203
0.007252645419091069      931.2255347683825
0.0072692017369816175     931.2570264750593
0.00728197851453756       931.2790045419343
0.007332871968342605      931.3757839274502
0.007594701134134851      931.8696187027704
0.007762094464374536      932.1924800434774
0.007770426206409109      932.2081252281301
0.008069900441553035      932.769776453774
0.00840479306471388       933.4040677497641
0.008724424997324655      934.0295522103695
0.008789649688840967      934.1590960375386
0.009025993978752311      934.6317825588394
0.00944609809003976       935.4374009717711
0.0095424076762144        935.621680351941
0.009700095557195733      935.9152923978106
0.009763552666398556      936.0373093356798
0.00990671649670849       936.3145459383929
0.0100253610726325        936.5342739577768
0.010148813460371046      936.7740898193447
0.010343219008125702      937.1541414236475
0.010349762079866723      937.1665534300358
0.010556002779121332      937.5591681153207
0.010822746128599167      938.0470883138642
0.010836503116843976      938.0721476686332
0.011075389792248133      938.5034005124603
0.011342414024454961      938.9967952486998
0.011469240022175295      939.2268628754072
0.01167436105055316       939.5996547314326
0.0116971444437892        939.6404930612852
0.011884986025773286      939.9685441193384
0.012120485383030184      940.376755265332
0.012167546501681469      940.4580329148682
0.012358686092212898      940.7866217687086
0.012423824659408167      940.888580139467
0.012524822829349837      941.0613156707844
0.012822567136973113      941.5601009254201
0.012917246193260228      941.7182537822009
0.01321290077998527       942.1857196328635
0.013256394118494844      942.2539631621372
0.013478454305447606      942.5872828888778
0.013491363968465203      942.6073194524199
0.013503692762027411      942.6254392656044
0.013742192474909348      942.9877265602337
0.013862701672164114      943.166518524838
0.01400799753935316       943.3826858709305
0.014442750127766725      944.008554113102
0.014467176779978108      944.0421197496735
0.014492385513025965      944.0761181392911
0.014495367718805496      944.080025848712
0.014762636137956905      944.4332079265362
0.014879218408165529      944.5845705270954
0.01518529610501504       944.9879176503948
0.015210906692141854      945.0209902610214
0.015229554912611132      945.045631161684
0.015253235872450449      945.076777222878
0.015515836115879464      945.4157572608441
0.015678924767922826      945.6101784491846
0.01569399945644457       945.6268381943171
0.01584118153502527       945.7910781866537
0.015920402470244018      945.8815421272126
0.016048838324347336      946.0311764984381
0.01611506169483471       946.1122807324498
0.016126002060007104      946.1257163066514
0.01620264415498509       946.2086446750884
0.016304241228991906      946.321306571697
0.01631828356994331       946.3362390715757
0.016472132232341355      946.5045340461445
0.01666144701149501       946.7064140857291
0.01673168877895967       946.7815196632704
0.01689690894157332       946.9560591200386
0.01711905071280105       947.1818736848263
0.01737651542013207       947.4348305719582
0.017393132818151608      947.4518120644211
0.017413565562247407      947.4727860684429
0.01754399405090625       947.5983422353618
0.017601717722412744      947.6515084284708
0.017676428782448267      947.7201257704953
0.018058638147945297      948.055598532211
0.018219796682804157      948.2062151579204
0.018469967965404573      948.4218849607892
0.018525899595263254      948.4697563384493
0.018693005971734823      948.6097353644143
0.019083541871825344      948.9250979387408
0.01910082179152245       948.9391235598868
0.01914333744816387       948.9736051266846
0.019281299428380624      949.0793233604968
0.019300209389417247      949.0926751628244
0.019356401261624412      949.1325667210122
0.019697943862152123      949.3666689162242
0.019844316819730812      949.4819777827694
0.02003203253664404       949.6223438740959
0.020069553635626805      949.6518427144746
0.020180888478504         949.7286326674914
0.020261615063488926      949.7704419482443
0.020282720897520964      949.7828121186221
0.020514886095268747      949.9437600500702
0.02057948576088381       949.9873093140974
0.020606328220359224      950.004864376077
0.02061436162501551       950.0101814169071
0.02083156305070904       950.1510580443958
0.020862388199710452      950.1694296553551
0.02097009763611815       950.2346664827924
0.02117677369634298       950.3548374961108
0.021419758972308703      950.5006719574315
0.02165915598279016       950.6417442355337
0.021767259182944268      950.7033421830255
0.021964270109917278      950.8085732227395
0.02216543971449588       950.9238632874473
0.022339693021114354      951.0157767246624
0.022610199427014643      951.1541212938829
0.02267896726688684       951.1880307727139
0.0227044071349142        951.201725396691
0.022831256526321467      951.2671149812375
0.022947731575150468      951.3252704572012
0.023166995970031343      951.428105559251
0.023437679275359877      951.5642473938736
0.023689566453842806      951.6887192379747
0.023749839086930763      951.7140402463749
0.02378945204875902       951.7338164797776
0.024008699024814888      951.8157781352104
0.024234273074463297      951.9099834759375
0.024307819307631394      951.943089378425
0.024332657585684446      951.9542276418092
0.024592145518771605      952.0628679492955
0.02474028106604472       952.1187870300321
0.02478727173073471       952.1363261846341
0.024891202927291363      952.179817945006
0.024967148466481834      952.2053345568473
0.025033521145622725      952.2319979903566
0.025169277005601037      952.2862079406096
0.025387408052503446      952.3706076376742
0.025556621451036418      952.430390301927
0.02570777699774965       952.4802551918485
0.025742564853431738      952.4934230178415
0.025800354709387838      952.5158869355523
0.025981553353776617      952.5740094922177
0.02606736254420583       952.5967965703396
0.026118145581178656      952.6108183974872
0.026293482209527326      952.6579915100806
0.02653731808330824       952.7375773377922
0.026566503525941088      952.7466080082245
0.026622983621300583      952.7640391045891
0.026925877672107947      952.8484455094393
0.026950817540585773      952.8551377101345
0.02699497336351661       952.8667950380346
0.02726748329386884       952.9334932105635
0.027483141116991752      952.9858073766228
0.027603057372942982      953.0127468736275
0.02774055145205645       953.0405673501056
0.02779070774831366       953.0498582624859
0.02781776945103312       953.0543324708528
0.027919193701269954      953.0760648905087
0.02801706751494544       953.0946453297623
0.028056203804044333      953.1013106138184
0.02807060906333457       953.1045733241644
0.028096030119058618      953.1106221034322
0.02835210843657092       953.1525564738381
0.02837274761124134       953.1546537756429
0.02841184476208826       953.1589265667242
0.028635168234070495      953.1887527400401
0.028799914192576645      953.2122003636943
0.028813896278059702      953.2143149818596
0.028842664950063296      953.2190076519324
0.029102617647249023      953.2484614204502
0.029119077306147836      953.2480324917701
0.029152953268941077      953.2477812763163
0.029539007949319643      953.2850002775033
0.02955417498314158       953.2877648662702
0.02956214056918379       953.2886552514424
0.029646873270920363      953.2972187161372
0.029732159977878918      953.3072392387379
0.02988482961825307       953.3045115682592
0.029909198783460288      953.303740740604
0.029922129961534313      953.3049198444955
0.029948423742559897      953.302467213612
0.03022243752833786       953.2995643042802
0.03024413909945468       953.3023298174853
0.030320234384231013      953.314850046162
0.030393904709642344      953.3141473487733
0.03045392327439105       953.3118203854642
0.03071983118986786       953.3016511795186
0.03082192736519101       953.2966070069031
0.03087200680747328       953.2950999683457
0.031149354347967815      953.2778104528762
0.03125245452596047       953.2680093105429
0.03138291844224862       953.2546487094831
0.03146008078410321       953.2488389060029
0.03150328034323897       953.245124116187
0.03158531308160771       953.235609375943
0.03166714993917483       953.2253395642747
0.03180517280143433       953.2112152291953
0.03196108196670888       953.1934516638063
0.032276615362513805      953.1511982860784
0.03237103828002286       953.134757361116
0.032460603564834725      953.1283568498543
0.0325130306938126        953.1190792071577
0.03282650129072117       953.0624184176005
0.03285510694251713       953.0571395653211
0.03309437546565763       953.0058358832202
0.033117458882782606      953.0006896792717
0.03328003146266378       952.9627014881976
0.03346164896794594       952.9225303284848
0.03364866324961446       952.8802210582438
0.033701303419858004      952.8674370939045
0.03382362706577385       952.8326633996688
0.03391609289527775       952.8092849288726
0.034178030093627076      952.7387199142098
0.03433589057731421       952.6923340385551
0.034490999112626236      952.6458746635433
0.03478389108381378       952.5629786229832
0.03485542653540418       952.5428457527634
0.03487351974231647       952.537594072961
0.03488260064147647       952.5360681311937
0.03494855671826279       952.5151266566279
0.0349694866515423        952.5072257886487
0.035065183065933835      952.4745479126402
0.03546507703681112       952.336702386069
0.03570661223800405       952.250255365826
0.03586813273448953       952.1905655286829
0.0359884845243731        952.1454993560185
0.03604169726570884       952.1231612125835
0.03617871530174015       952.0724857160986
0.036249146793022234      952.0451874718204
0.036500192756193844      951.9471417280978
0.036732795638785024      951.8520537537485
0.03675252659132512       951.8413325761219
0.036781601536937894      951.8260717721728
0.036869716530892306      951.7866187700924
0.0369113613368261        951.7678574617852
0.03722385834773566       951.621003856206
0.03750808067348455       951.4894375139539
0.03779316316974689       951.3598536004196
0.037859844700621446      951.3291114354153
0.03804612591761441       951.2360656113251
0.038139803443521685      951.1872886657027
0.03818753670956255       951.1600248074022
0.03822595199024681       951.1406851729017
0.03849745681608022       950.9960896791711
0.03851594081522496       950.9871296865629
0.03858256503057084       950.9570110519941
0.03861201617110223       950.9415623607034
0.03872656810937575       950.8810755065566
0.03876908953269735       950.8580301473083
0.03902601387517276       950.7111333055451
0.039060376330668785      950.6921091696009
0.03906993637150215       950.6867983440079
0.03912388227692072       950.6543469149174
0.039150727478841324      950.6381674954985
0.03941390940007336       950.483054084853
0.039513568321002786      950.429033551311
0.03956295306954949       950.3984017915227
0.03962958583818143       950.3504149132689
0.03979128094246866       950.2505236020307
0.03986105758861205       950.2065743646673
0.039960365902681115      950.140065825262
0.04040369279568453       949.8434451236051
0.040424107899970085      949.8291998515125
0.04044567629426615       949.8143685358028
0.04063357506031387       949.6858588590829
0.040784566147627634      949.5806325891924
0.04097963057125985       949.4348164797366
0.041082990272537034      949.3565356786676
0.04120667317677064       949.2664960669052
0.04134053459303036       949.1662433240781
0.04141270724691998       949.1109616917561
0.04151353539206821       949.0387284237721
0.04169757410142504       948.8943388297292
0.04176083474867446       948.8435263648553
0.04201342034968886       948.6379997389192
0.042110853321111225      948.5516828260719
0.04247361742040794       948.2392064522794
0.04251501050492931       948.2033193785793
0.04252646306455774       948.1933719794797
0.04260393120785411       948.1233914360182
0.042612097770666206      948.1151850199522
0.04265156342448744       948.0758626636095
0.042858167298522966      947.8744846099249
0.0431135577013761        947.6383761496722
0.043267351647048716      947.4898955958508
0.04333549173274885       947.4236703418379
0.043422209912802864      947.335763448667
0.04345350242967879       947.2998095271355
0.043468434630412243      947.2830272697788
0.0435271488817488        947.2251538286912
0.04355489518666071       947.1976841809055
0.04373657183618656       947.0099587247868
0.04402018374141926       946.7063502715336
0.04426978767060106       946.4200525932666
0.04436757420763839       946.309396666508
0.04439180044246434       946.2817588170267
0.04462213863724889       946.0173604975936
0.04465229625389315       945.9816334659794
0.04476374948013139       945.8501585615711
0.044827695687221385      945.7690513772204
0.044842234531027175      945.7505748516829
0.04493370567083357       945.633620829612
0.04507102965860323       945.4667999937268
0.04517110120771753       945.3431380248526
0.04520445973000193       945.3010439955909
0.04557252401207837       944.8159813032353
0.04569758913732466       944.6520664352411
0.0458576548287734        944.4337518417383
0.04591659817128297       944.3518088472697
0.04593795315419782       944.3243016877207
0.04597975686327123       944.2706905223916
0.04624087462463592       943.9005811750496
0.04627318443035308       943.8515854161074
0.046335119357254026      943.7581908312294
0.04656925187246157       943.4106065779052
0.04672689384231259       943.1767909950793
0.04676734165267084       943.1160765596387
0.04696982514602945       942.8066594071929
0.04719666356124168       942.453233717091
0.047271669748857575      942.3352099220857
0.04738624859356174       942.1509470581695
0.04764425483135451       941.731923682648
0.04783590458095624       941.4237800756596
0.04803349943496231       941.0921798242888
0.04813611555358426       940.9043888923525
0.048207034103501974      940.7904778428826
0.04837312957004125       940.5024241820977
0.04843253678347236       940.3984415520974
0.04859707636468277       940.108104764047
0.04904231850125291       939.3164257525978
0.04905756992761741       939.2888004044015
0.04913884923013991       939.1415959837199
0.049162855839924184      939.0979876558072
0.04928972850932854       938.8661430639514
0.049323278704930834      938.804055482726
0.049718452158314774      938.0684686039652
0.049985263206847694      937.5663701081636
0.05009436158486622       937.3631341536386
0.050138310404046066      937.2810031257926
0.050282602138422054      937.0090915753366
0.05034699992796075       936.887277553886
0.05037818120158334       936.8281058554792
0.05039295929409925       936.7996210720353
0.05070775191537655       936.1941424531659
0.05073447243673554       936.1443436069205
0.05077056340056658       936.075069981533
0.05098957768726495       935.6526639841587
0.051111051573863656      935.4130733810579
0.051261145913513426      935.135142751628
0.0512911283711828        935.0811904873635
0.05143959647286221       934.7975602928682
0.05154516300082004       934.5875720618662
0.05163325034504407       934.4118670272937
0.05174424981615772       934.1897831816037
0.051766177191182594      934.1465358425454
0.051814176907137244      934.0560239718466
0.05197937468756267       933.7432944288962
0.052073590362857566      933.57140608806
0.052145548482111524      933.4378921842517
0.052189295817767455      933.3519961709335
0.05225853661563888       933.2131595396788
0.052401985385143346      932.9328098192645
0.05281516416514236       932.1606119460596
0.05286277711237193       932.0727144242203
0.052930078931520484      931.9452471242887
0.05296506073808236       931.8764118494692
0.053244259060286035      931.3395494686597
0.05340744092923126       931.0374653856943
0.05363521361665174       930.6124358530104
0.053823907865496415      930.266948435016
0.05389937123593386       930.1288029942584
0.054171721632158         929.6364842891894
0.0543932681673881        929.2396724428886
0.05453971825651249       928.974735236017
0.05461256386084956       928.8447793236874
0.05492895205959016       928.3061436222252
0.054945955816441294      928.277606587466
0.05495293174630422       928.2661465511162
0.05501983740180629       928.1546687897865
0.05512993031963405       927.9724966677337
0.055267502093178884      927.7325518371049
0.05530396194704951       927.6696512879446
0.055320655503077014      927.6414879098512
0.05540983793801251       927.4915400730944
0.055748699898064344      926.9216223025921
0.05583667427677845       926.7874296782368
0.05605293308596331       926.4365287010974
0.056134974417774104      926.2955314655715
0.05625549604789322       926.1021875963686
0.05637378573847003       925.9125027563938
0.056680922368626235      925.4366814687319
0.056778147902479564      925.2833398025813
0.05688965650722639       925.1112672852987
0.05698105254444617       924.9721032440275
0.05702847137622242       924.906862529214
0.05709632181927822       924.8024129744168
0.057297013366491734      924.5153864192974
0.05733041391343044       924.4704661570661
0.05741585203291077       924.343364406197
0.057460544507895464      924.2728879366482
0.057703619315607524      923.9069452938105
0.05797248437652735       923.5220968285025
0.05802029459934881       923.4557742786469
0.058159241235868527      923.2688675725689
0.05821905627215936       923.1836287049412
0.05843962812375065       922.861234722754
0.05849887348035655       922.7770130397939
0.05871016242944552       922.4839206618014
0.05890671851472257       922.2140563597926
0.05905135048282449       922.0149286827852
0.05912775254813941       921.910416250037
0.05929783163292622       921.6788742280993
0.05947163530132829       921.4459051723505
0.059560911691514604      921.325593795676
0.059878035670585375      920.9038682070499
0.059935332438410684      920.8259505676456
0.06018238092750941       920.5006913399358
0.06032106435153025       920.3169742141125
0.0604575167189073        920.1345536397014
0.06063085372324814       919.901878867098
0.06065430035456812       919.8711802764622
0.060974182041360146      919.4582988478106
0.06105096855700817       919.3557640765205
0.06118072339347801       919.1744529948164
0.06126596858628941       919.0573522647236
0.061569182921577835      918.6423053995143
0.06173954200447053       918.4217111180501
0.06183772702525719       918.2936512709982
0.061911515051898576      918.2003666542888
0.06209089842289872       917.959075218975
0.06235901190570226       917.5847351144486
0.062433876884495615      917.4813016762339
0.062463199457950265      917.4413961688191
0.06257764699191837       917.2831287355126
0.06270326885716235       917.1083876503773
0.0627832903484905        916.9974481401129
0.06282056329052611       916.9463798459954
0.06301149834374828       916.6796101843224
0.06308523397311258       916.5778527089585
0.06311362781526697       916.5383070215306
0.06319976581797          916.419269305448
0.06329885089279276       916.2731042729368
0.0634638252623364        916.0409853011506
0.06363120019103384       915.7967250940115
0.06378181459699854       915.578946435025
0.06407407924763367       915.1511168155359
0.06409411175258165       915.1216852455848
0.06412464759413287       915.0780311723329
0.06422785679669306       914.9246631608003
0.06425943903156237       914.8758217664765
0.06429602715622126       914.8209617462303
0.06455797268587105       914.4224502703042
0.06480944888175043       914.0383361325995
0.06486121821420321       913.9546265228823
0.06499922439788046       913.7420482763675
0.06521541177471972       913.4063573189053
0.06521890513976497       913.4008891474914
0.06535922166563612       913.1777680755005
0.06548247252971667       912.9799134961645
0.06550923570122982       912.9378257047201
0.06557406721784954       912.8361197063772
0.06565512377024385       912.7039089488152
0.06576907506292137       912.5147636313826
0.0658095957409809        912.4476132336358
0.06608802694230159       911.9880837303424
0.06628621463555885       911.6586704875969
0.06643228033384846       911.4104205676881
0.06661190322172163       911.1099096328805
0.06662811440396675       911.0826777690512
0.06685111540572579       910.7005458247772
0.06705411870551649       910.342654505
0.06706943595117087       910.3150323655448
0.06707648165189367       910.3036993977289
0.06718525508731678       910.1108534491284
0.0672030570179079        910.0780812297089
0.06748833711070536       909.5706308619972
0.06776193761949402       909.0751845351366
0.06786632441758213       908.8923705655081
0.06789056636784646       908.8483149631687
0.06797395485502361       908.6853993295406
0.06832504080035692       908.0390748457443
0.06836900541729897       907.9576639631235
0.06860885431085505       907.5061332277708
0.06867590154270546       907.3792011257099
0.06868843090668039       907.3547041015182
0.06874483652314975       907.2477168826354
0.06894745801592976       906.8594151759069
0.06919677050405444       906.393207551516
0.06926081114185856       906.2767237245966
0.0692676305204259        906.2635532588284
0.06931345574752688       906.1710719335708
0.0696356545479546        905.5505611548067
0.06963579600116179       905.5502859443094
0.06963589910681695       905.5500852731515
0.06987832684294361       905.0742136643221
0.0699338892139699        904.9703004669889
0.06995589621185747       904.9293949691565
0.07009566151966178       904.6570220725469
0.0701676128992066        904.5117070143483
0.07020966182838181       904.4275087112333
0.07048700879147059       903.8916855473009
0.07080865030506385       903.2687026162607
0.0708199379453054        903.2473930418948
0.0708608320928854        903.1687675661389
0.07094866642530506       903.0020746274795
0.07098385085799974       902.9335354885192
0.07133219284659761       902.2575612349272
0.07152912890200162       901.882766934864
0.07163708005797384       901.6791800272792
0.07179755693803244       901.3786630922627
0.07187062896974653       901.2446242886659
0.07194106430298976       901.1082805093843
0.07203479846274326       900.9325707703863
0.07213716154313485       900.7424441409635
0.07241344292663338       900.229081247023
0.07251462349999982       900.038837536017
0.07256542606249293       899.9439058550471
0.07282043617683114       899.497209142661
0.07284707731200671       899.4516295910812
0.07291053218337372       899.3441643748756
0.07306010947751701       899.090529154481
0.07306610062835833       899.0791071044562
0.07315018524224277       898.9207860974735
0.07323238054952397       898.7765609098642
0.07324938805861034       898.7470581934375
0.07329894858311999       898.6625145120693
0.07351436941922923       898.3001514785562
0.07361538900648522       898.1308539441023
0.07377316390091455       897.8742280180975
0.07390045313981973       897.6718111902802
0.07396102215498294       897.5760935528949
0.07412291919057754       897.3209327812009
0.07441120970946505       896.8792529926438
0.07443179691987475       896.8481927193623
0.07446479237678594       896.8004434232562
0.07460872711828728       896.5900215475582
0.07465015020662498       896.529920254387
0.07470621204967938       896.4468679833091
0.07472053621085518       896.4264344165575
0.07504078007750643       895.9828934187798
0.07519148337446721       895.7807279879787
0.07541488929390035       895.5016261935596
0.07546399064374905       895.4388024711731
0.07555349915826          895.318992503015
0.07557377728397449       895.2927779243763
0.07585180095759762       894.9709636089448
0.07589805376618805       894.9193097802646
0.07593779262120766       894.8770871406314
0.07602913101690809       894.7826327314601
0.07607147327634532       894.7393232649468
0.07624611528734666       894.5431197592264
0.07626561128749075       894.5215812197355
0.07629045283793953       894.4947744277165
0.07635993971905736       894.4231653798303
0.07657546053175047       894.2102230569028
0.07675922303826224       894.0391722695263
0.07682271199185453       893.9841674768618
0.07704961755370798       893.7963139419369
0.07704965041957135       893.7962862962133
0.07718829087401888       893.6850307079746
0.07718857453007792       893.6848089993563
0.07742360349939047       893.5057395173307
0.0777298225439405        893.3003472013346
0.07774089067775908       893.2924616478164
0.0778018790729204        893.2503346826378
0.07802460994058787       893.114163588257
0.07811239859639618       893.0687487033982
0.07815552342350042       893.0471644371877
0.07835758623606937       892.9544025384379
0.07864879531191372       892.8380062782288
0.0787139194952152        892.8163571055545
0.07877000908379603       892.7986911337888
0.07894342028156637       892.7492246929068
0.07921552930785015       892.681662419135
0.07942443647872986       892.6484792263137
0.07954296022307683       892.6343999012898
0.07958473171172525       892.62658016412
0.07968778619022468       892.6232285731743
0.07978007679887432       892.6199183173442
0.07990462943609551       892.6195031995758
0.08010187166261694       892.6224803165112
0.08017275285234271       892.6265057227839
0.08031254065409371       892.6389326223757
0.08054825599576956       892.6678096600021
0.0807271960058754        892.7052597687233
0.08082582009605312       892.7285533279595
0.08097887120704486       892.7764812000098
0.08113447877394761       892.8256792612425
0.08118621042721995       892.8432152957948
0.08144691966417336       892.9477128921424
0.08152499884070957       892.9819971036451
0.08165555935270029       893.0443127954561
0.08174268337022178       893.0901039409483
0.08186700700667436       893.1589605851866
0.08210028872425602       893.2998289568137
0.08225507075366634       893.3975881587326
0.08235636838655092       893.4584012075527
0.08238974979973532       893.4790635546926
0.08253806178337451       893.5835939476758
0.08292235040005293       893.890915754383
0.08297608115188011       893.9364217631612
0.08305096001578728       894.0020312227751
0.0834151729887209        894.3383429188857
0.08343267726329683       894.3561567642187
0.08350407492228917       894.426359929041
0.0835096451597244        894.4318784012492
0.08353208148692658       894.4530804151697
0.08390808499692162       894.834539603885
0.08410808511471082       895.0695594085787
0.08432903494186413       895.3431278414107
0.08435889356528978       895.3823087991648
0.08445369472854732       895.4974851288489
0.0845025016366082        895.5519980639787
0.08472974600884763       895.827006577594
0.08490861705234579       896.0645563623679
0.08512474187948162       896.3590250701295
0.08516404042162173       896.4128362772209
0.08532590663630588       896.6387515479948
0.08558430103037314       897.0198059923346
0.0856388222627236        897.1067301580647
0.08568945859012501       897.1898705922849
0.08591884621392987       897.5456640983095
0.0864351631755311        898.368633671513
0.08644581296050413       898.3859209918342
0.0864489890804114        898.3910832968604
0.0864612533813557        898.4120300024235
0.0864640376987113        898.4165901696185
0.08646705510021127       898.4215336610453
0.0864705006988615        898.4269461958888
0.0868361470551287        899.0406615976455
0.08684011207567303       899.0472732060608
0.08692148984385606       899.1830085508419
0.08707724404748379       899.4456058028776
0.08730739150507845       899.85905460814
0.08736783962497212       899.9689728120854
0.08736822540060764       899.9696889931337
0.08741804715493368       900.0589120007917
0.08755212657536529       900.3003891858195
0.08755315200081094       900.3021671150458
0.08774882143982399       900.6657158405659
0.08795807434028682       901.0507604876777
0.08815947219346294       901.4140830061596
0.0881997459611853        901.4865245052868
0.0882093676607446        901.5040241375212
0.08852967777727638       902.0974412475687
0.08872407363718768       902.4642487504134
0.08896208105346928       902.923630670022
0.08911131372641498       903.2062716257408
0.08922058987742303       903.4074995715682
0.08923569597336854       903.4354867774662
0.08945793093341053       903.8522382343256
0.0896537669587691        904.2211928839445
0.0897388575953402        904.3783401753565
0.08976660109069111       904.4293886258403
0.08997475830399232       904.822615304772
0.09012659660998512       905.1162870686239
0.09021574324064055       905.2806953314364
0.0902582676452756        905.3608103256992
0.09051073879106632       905.8130803679117
0.09062978237642796       906.0298451406635
0.09094734734261103       906.614795413342
0.09097422001616437       906.6640597579186
0.09106746293656792       906.8328285917141
0.09127336061469929       907.2001647646847
0.0912977575347784        907.2427185798233
0.09161944112163722       907.8064670628801
0.09165759687764861       907.8742119863838
0.09168958511259011       907.9312554671819
0.09190641850122454       908.3037456074309
0.09193426358754661       908.3488630385735
0.09196906377738319       908.4058729857519
0.09224669925848025       908.870072872818
0.09239961810216844       909.1248957297431
0.09244618983553334       909.2016810839555
0.09268572771618169       909.5909778452627
0.09278109521661576       909.7428102421128
0.09281462511300947       909.795813102717
0.09307063845321083       910.2006561311354
0.09310908384618984       910.2601668955054
0.09330726688669976       910.562516989708
0.0934078340001473        910.7139026975902
0.09345331936053358       910.779161819732
0.09384871707950694       911.3575544384333
0.09387314639355815       911.3950605972449
0.09407922840257409       911.686869702654
0.09417936749611738       911.8260582472028
0.09423621335824808       911.9020349659263
0.09449840066989022       912.2471330125227
0.09481545729019317       912.6651124627334
0.09535638090568394       913.3409733311616
0.09538818114373616       913.3788666359746
0.09540675060017939       913.401424362877
0.0954127429525798        913.4083210989842
0.09544236331853054       913.4432886011683
0.09546534057203802       913.4703437695637
0.095470263689931         913.4761728091903
0.09581052955983084       913.8731478984786
0.09581601768813038       913.878837537125
0.09582440232406023       913.8886837751529
0.09614721938704564       914.2376825688171
0.09630713536941225       914.4109913014439
0.0964617079943896        914.5658623384753
0.09663726722004073       914.7503055327734
0.09674277120217166       914.8531177691292
0.0968377221777466        914.9445376805804
0.09699863583742308       915.1012511398307
0.09722558347975532       915.3125054275222
0.09756683142649837       915.6179158656199
0.09758584243895073       915.6351968867838
0.0976783551754151        915.7197513319041
0.09788455837960353       915.893980902264
0.0979081059202796        915.9126464405165
0.09798862175956657       915.9763388460211
0.0982782919193104        916.206057332621
0.09850815820164333       916.3838978600129
0.09871581379418572       916.5402481793734
0.09877173342233263       916.5814475887448
0.09894996516970529       916.7064423077957
0.09908632664157108       916.8101673274523
0.09916640259042504       916.8652439600961
0.09940189751360823       917.0196876847444
0.09941114413135757       917.0256899296246
0.09974341134210155       917.2470045841917
0.09979506615220007       917.2815441937875
0.09991714591964135       917.3611445112381
0.10000597893031446       917.408131472065
0.10016277732097673       917.4940354582383
0.10019854229231943       917.5139544040059
0.1004806139725642        917.6734509075935
0.10084408343678607       917.8771318124991
0.10089397033621234       917.9046489207861
0.10103545354209628       917.9803798679548
0.10114834712701495       918.0383470287227
0.10139729630369142       918.1676311570403
0.10140505738813538       918.1716771305934
0.10163712483959435       918.2868068591152
0.10164437372068458       918.2900784806432
0.10193672258573375       918.4282158535638
0.10217187755070364       918.5317761382375
0.10227304549245209       918.5803765946462
0.10234303659441739       918.6105841150558
0.10242637736365386       918.6406164659911
0.1024407984763898        918.6460554012975
0.10276989805877532       918.7900725216122
0.10283382240240857       918.8176378048664
0.102894468868811         918.8438660053778
0.10316029090557703       918.9488991658299
0.10332522482152125       919.0016112177318
0.10347566902700864       919.0644918703074
0.10348330894368162       919.0673648568614
0.10348574996288011       919.068360559207
0.10382965384408771       919.1978353454354
0.10395713715617157       919.2418672395052
0.10417998699255804       919.3188809736465
0.10419297335933178       919.3228336487474
0.10419819879936787       919.3245293551947
0.10424549102256883       919.3400671513481
0.10473346650314333       919.4939162281389
0.10473704333729039       919.4948493442612
0.10474048727693491       919.4957975627465
0.10476848155157745       919.5040028368048
0.10480227648230694       919.5133597058384
0.10480820816134549       919.5151520545936
0.10512959032410787       919.6042677254165
0.10531427872962516       919.6603831805617
0.10551127993188195       919.7139732884109
0.10552059978005207       919.716498042144
0.10552704709484914       919.7182487513802
0.10562240760870814       919.7442088811182
0.10571911318553676       919.7693431208155
0.10596525612712165       919.8267335900139
0.10610472882122901       919.8587239338005
0.10621456889132899       919.8768746882168
0.10622214884428421       919.8787218089038
0.10637816703371297       919.9148023362706
0.10640165474116428       919.9192197227044
0.1066339795964294        919.9637096131776
0.10674767721998933       919.9900220312187
0.10698105091911915       920.0370956686729
0.10721866448794266       920.0618883320835
0.10731814129854172       920.0696368144079
0.10754075705759185       920.0876751314722
0.10776081120127536       920.1256845188309
0.1078556937572385        920.1347519444033
0.10810237904891205       920.1634697764734
0.10825618387371763       920.1771078141802
0.10830276523561098       920.1811124876602
0.10854488874641006       920.1893712725484
0.10864625688818459       920.1925471959229
0.10889704616868179       920.2074443720496
0.10912871318495099       920.2086287306147
0.10922690012752354       920.2110981695394
0.10946669509023368       920.2128737784884
0.1094730444480865        920.2127887203673
0.10959342861748644       920.2070490518424
0.1097165932955184        920.1984151547489
0.10972605629903417       920.1976372905459
0.11006325379220293       920.1761942647494
0.11028657017664224       920.1655151220914
0.11035064872921425       920.1573340545228
0.11060828784018686       920.15126520911
0.11070619893091103       920.1433742582379
0.1109434217302816        920.1274393426222
0.1110469294484418        920.1116804320225
0.11124050181170239       920.0723455675559
0.11137667905114974       920.0588698154181
0.11148049774098968       920.0449607397854
0.11152180191474939       920.0408318825844
0.11185250290489947       919.9992534946118
0.11185320353648427       919.9991767568982
0.11185428030322508       919.9990186424529
0.11200335489926208       919.9807470885495
0.11217813272508308       919.9544903834731
0.11217934690856314       919.9543189628513
0.11238959763182174       919.9238761130081
0.11252543833184094       919.8996257626466
0.11309017490846357       919.806287718822
0.11313186512569826       919.7995530113078
0.11317266316604048       919.7931285305018
0.11319462553942217       919.7896110219649
0.11321658791280392       919.785283419905
0.11326575002716398       919.7755285463791
0.11389982475879985       919.659663728622
0.11405401910003968       919.6309110260294
0.11419345144687047       919.6057116139273
0.11433940240186864       919.5917785356247
0.11439087499604764       919.5853796251018
0.11440851391011383       919.5832439440304
0.11477978516090302       919.5281893032734
0.1149480007985838        919.4975089355087
0.11505985456842753       919.480068657781
0.11529745291549445       919.4351447404695
0.11534014976042213       919.4251309666208
0.1155702489310806        919.3863930819556
0.11575090826187753       919.37355751732
0.1158583984546918        919.3634003310835
0.11595547476041472       919.3524378737167
0.11605826704635815       919.331596690901
0.11617688965056877       919.3079978044995
0.11631184631673895       919.3009742421515
0.11657933285546844       919.2635348324501
0.11664117098737906       919.2549899134774
0.11678410386540988       919.241868963314
0.11712994156419998       919.2070581688147
0.11722692080332463       919.1990628680537
0.11727578282892755       919.194700504337
0.11749554333613905       919.1710260212807
0.1177541133840895        919.1433188726243
0.11796036049316388       919.1331186081992
0.11807994051190077       919.1187367752498
0.11820149277267526       919.1213509814202
0.11849622106105984       919.1064934201438
0.11867396461593421       919.101840649
0.11875575195199711       919.1016069857759
0.11883753928806001       919.0959896762079
0.1189353028937496        919.0890866430905
0.11909743690038312       919.0850205616115
0.11928315384269049       919.0832322709779
0.11950834765577457       919.0893654284745
0.11967470034616347       919.0912383390106
0.11976051415687346       919.0908763834564
0.11982483889656675       919.091964588305
0.11993491151859148       919.0959653167877
0.11999590203077638       919.0936479896102
0.12                      919.0935069323624
